0 1 41.049469345586814 0->1
0 3 141.0282131464446 0->1->2->3
0 10 50.239345826721745 0->10
0 11 97.90985918568941 0->10->11
0 26 381.12396768045636 0->1->2->3->13->14->15->16->26
0 39 567.6772626977518 0->1->2->3->13->14->15->16->17->27->28->38->39
0 44 374.69707107089414 0->10->11->21->22->23->24->34->44
0 52 332.118857138968 0->10->20->30->31->41->42->52
0 64 478.88001564077547 0->10->11->21->22->23->24->34->44->54->64
0 67 602.9104358277172 0->10->11->21->22->23->24->34->44->45->55->65->66->67
0 68 648.9371308537847 0->1->2->3->13->14->15->16->17->27->28->38->48->58->68
0 73 477.1411305437445 0->10->20->30->31->41->42->52->62->72->73
0 82 484.80366530950647 0->10->20->30->31->41->42->52->62->72->82
0 84 573.2037138253395 0->10->11->21->22->23->24->34->44->54->64->74->84
0 92 529.7546461081215 0->10->20->30->31->41->42->52->62->72->82->92
1 3 99.97874380085781 1->2->3
1 10 91.28881517230856 1->0->10
1 11 57.87354911818045 1->11
1 26 340.0744983348696 1->2->3->13->14->15->16->26
1 39 526.627793352165 1->2->3->13->14->15->16->17->27->28->38->39
1 44 334.6607610033852 1->11->21->22->23->24->34->44
1 52 301.29930009811505 1->11->21->31->41->42->52
1 64 438.8437055732665 1->11->21->22->23->24->34->44->54->64
1 67 562.8741257602082 1->11->21->22->23->24->34->44->45->55->65->66->67
1 68 607.8876615081979 1->2->3->13->14->15->16->17->27->28->38->48->58->68
1 73 446.32157350289157 1->11->21->31->41->42->52->62->72->73
1 82 453.98410826865353 1->11->21->31->41->42->52->62->72->82
1 84 533.1674037578305 1->11->21->22->23->24->34->44->54->64->74->84
1 92 498.9350890672686 1->11->21->31->41->42->52->62->72->82->92
3 10 191.26755897316636 3->2->1->0->10
3 11 145.89751810065857 3->2->12->11
3 26 240.09575453401175 3->13->14->15->16->26
3 39 426.64904955130714 3->13->14->15->16->17->27->28->38->39
3 44 235.64196096877765 3->13->23->24->34->44
3 52 285.5760043015215 3->2->12->22->32->42->52
3 64 339.824905538659 3->13->23->24->34->44->54->64
3 67 463.85532572560066 3->13->23->24->34->44->45->55->65->66->67
3 68 507.90891770734 3->13->14->15->16->17->27->28->38->48->58->68
3 73 366.8377801785118 3->13->23->33->43->53->63->73
3 82 438.26081247205997 3->2->12->22->32->42->52->62->72->82
3 84 434.1486037232229 3->13->23->24->34->44->54->64->74->84
3 92 483.21179327067506 3->2->12->22->32->42->52->62->72->82->92
10 11 47.670513358967675 10->11
10 26 332.3907440404308 10->11->21->22->23->24->25->26
10 39 533.1116621659519 10->11->12->13->14->15->16->17->27->28->38->39
10 44 324.45772524417237 10->11->21->22->23->24->34->44
10 52 281.8795113122462 10->20->30->31->41->42->52
10 64 428.6406698140537 10->11->21->22->23->24->34->44->54->64
10 67 552.6710900009954 10->11->21->22->23->24->34->44->45->55->65->66->67
10 68 608.4792699908684 10->11->21->22->23->24->34->44->45->55->65->66->67->68
10 73 426.90178471702274 10->20->30->31->41->42->52->62->72->73
10 82 434.5643194827847 10->20->30->31->41->42->52->62->72->82
10 84 522.9643679986176 10->11->21->22->23->24->34->44->54->64->74->84
10 92 479.5153002813998 10->20->30->31->41->42->52->62->72->82->92
11 26 284.7202306814631 11->21->22->23->24->25->26
11 39 485.4411488069842 11->12->13->14->15->16->17->27->28->38->39
11 44 276.78721188520467 11->21->22->23->24->34->44
11 52 243.4257509799346 11->21->31->41->42->52
11 64 380.970156455086 11->21->22->23->24->34->44->54->64
11 67 505.0005766420277 11->21->22->23->24->34->44->45->55->65->66->67
11 68 560.8087566319007 11->21->22->23->24->34->44->45->55->65->66->67->68
11 73 388.4480243847111 11->21->31->41->42->52->62->72->73
11 82 396.1105591504731 11->21->31->41->42->52->62->72->82
11 84 475.2938546396499 11->21->22->23->24->34->44->54->64->74->84
11 92 441.06153994908817 11->21->31->41->42->52->62->72->82->92
26 39 203.64798112953451 26->27->28->38->39
26 44 185.65679432620476 26->25->24->34->44
26 52 338.74077222605035 26->25->24->23->33->43->42->52
26 64 271.5425725608029 26->36->46->45->55->65->64
26 67 238.52098796207275 26->36->37->47->57->67
26 68 284.90784928556735 26->27->28->38->48->58->68
26 73 382.3650254788073 26->36->46->45->55->65->64->63->73
26 82 471.5877993844268 26->36->46->45->55->65->64->74->84->83->82
26 84 365.8662707453668 26->36->46->45->55->65->64->74->84
26 92 516.5387801830418 26->36->46->45->55->65->64->74->84->83->82->92
39 44 302.4319923182748 39->49->48->47->46->45->44
39 52 434.92474445488193 39->49->48->58->57->56->55->54->53->52
39 64 363.0374927109241 39->49->48->58->57->56->55->65->64
39 67 233.622957531652 39->49->48->58->57->67
39 68 190.37822288496443 39->49->59->69->68
39 73 466.2146094393379 39->49->48->58->57->67->66->76->75->74->73
39 82 555.2294317613433 39->49->48->58->57->67->66->76->75->74->84->83->82
39 84 449.50790312228344 39->49->48->58->57->67->66->76->75->74->84
39 92 600.1804125599584 39->49->48->58->57->67->66->76->75->74->84->83->82->92
44 52 154.03547512086766 44->43->42->52
44 64 104.18294456988129 44->54->64
44 67 228.21336475682304 44->45->55->65->66->67
44 68 284.02154474669607 44->45->55->65->66->67->68
44 73 209.83702157529876 44->54->53->63->73
44 82 299.32330564749026 44->54->53->63->62->72->82
44 84 198.50664275444524 44->54->64->74->84
44 92 344.27428644610535 44->54->53->63->62->72->82->92
52 64 150.28805404257704 52->53->54->64
52 67 287.01358483139694 52->53->54->55->65->66->67
52 68 342.82176482126994 52->53->54->55->65->66->67->68
52 73 145.02227340477648 52->62->72->73
52 82 152.68480817053845 52->62->72->82
52 84 241.4472344708105 52->62->72->73->74->84
52 92 197.63578896915354 52->62->72->82->92
64 67 136.74514399996576 64->65->66->67
64 68 192.55332398983876 64->65->66->67->68
64 73 110.8224529180044 64->63->73
64 82 200.04522682362386 64->74->84->83->82
64 84 94.32369818456394 64->74->84
64 92 244.99620762223896 64->74->84->83->82->92
67 68 55.80817998987301 67->68
67 73 232.59165190768584 67->66->76->75->74->73
67 82 321.60647422969134 67->66->76->75->74->84->83->82
67 84 215.88494559063142 67->66->76->75->74->84
67 92 366.55745502830644 67->66->76->75->74->84->83->82->92
68 73 288.3998318975589 68->67->66->76->75->74->73
68 82 377.4146542195644 68->67->66->76->75->74->84->83->82
68 84 271.69312558050444 68->67->66->76->75->74->84
68 92 422.3656350181795 68->67->66->76->75->74->84->83->82->92
73 82 93.98783285269154 73->83->82
73 84 96.42496106603403 73->74->84
73 92 138.93881365130662 73->83->82->92
82 84 105.72152863905993 82->83->84
82 92 44.950980798615085 82->92
84 92 150.67250943767502 84->83->82->92
