0 54.69011149763895 52.194762142049996 0 10
1 98.73742343239905 47.35060699313967 0 4
3 196.76305880416317 47.07749466189275 0 8
10 49.56325215926639 104.11821448793859 0 3
11 100.9938363243238 103.82960050515852 0 2
26 347.8369425995207 149.79261708998484 0 4
39 504.4828287658572 204.4346428576022 0 6
44 249.62527590385162 246.18631295353535 0 5
52 150.90436231737607 295.02194603814553 0 6
64 254.08425608867935 345.5979614327301 0 9
67 395.4015579892159 345.1094825327327 0 4
68 454.22921614516315 346.8626081570244 0 6
73 197.08642028834998 403.920190391675 0 10
82 150.92338849130834 452.06894008975075 89 0
84 253.961178984332 446.07891453718923 0 10
92 152.1342901483904 495.06791613917386 0 2
