54.69011149763895 52.194762142049996 0 10
98.73742343239905 47.35060699313967 0 4
154.50539029678922 53.306876713518825 0 0
196.76305880416317 47.07749466189275 0 8
248.10193874358214 54.159089220892575 0 0
297.8184485813505 48.716667438149244 0 0
353.3844191376512 54.80516987464011 0 0
400.1391413831034 53.20626310053663 0 0
454.0085224567501 51.08413943265256 0 0
502.1396152202373 47.4089957403293 0 0
49.56325215926639 104.11821448793859 0 3
100.9938363243238 103.82960050515852 0 2
153.65263068125913 103.61811986285136 0 0
202.52165098919963 96.41535040932986 0 0
250.5989231895805 99.51614037194629 0 0
299.0056204098573 100.98078668011246 0 0
350.6744531787933 101.14721133340625 0 0
395.32633377858 104.12669914683022 0 0
450.9571862975208 101.08218429677699 0 0
503.74765050815057 96.44453583601329 0 0
46.20341687908201 151.76778475805958 0 0
103.45508452679643 152.89672832632988 0 0
149.82161395473878 147.73682058986432 0 0
203.80416187737447 151.80701504639526 0 0
250.3599611984588 154.64738272227189 0 0
296.3270282821569 148.01611917078299 0 0
347.8369425995207 149.79261708998484 0 4
401.43524017946453 150.77484511441634 0 0
445.77449377095587 152.7035856059296 0 0
499.7054427452906 145.92246329142938 0 0
50.06870716884645 201.37833049628006 0 0
98.11106498039898 204.9311648115627 0 0
150.8822781796998 195.00582871835465 0 0
204.93318995242677 197.57669132834843 0 0
247.3219496803087 201.014666462774 0 0
297.2186586636742 197.33928359264624 0 0
353.3882449232208 202.1847230809872 0 0
395.51465609790563 203.89416942401843 0 0
445.75158200016807 200.23984699442434 0 0
504.4828287658572 204.4346428576022 0 6
46.349822893531076 251.9116576117093 0 0
104.93702605943636 253.60210188275286 0 0
149.85064820559938 245.53044940163954 0 0
195.41506109911234 247.06984427956158 0 0
249.62527590385162 246.18631295353535 0 5
298.03193785857 254.97688518399846 0 0
345.9131679242865 245.51182336973724 0 0
400.28869552485145 249.91861360564886 0 0
454.9824013035993 252.19198636173044 0 0
503.9758537587428 248.8241840058322 0 0
51.8175283905436 299.04895062664474 0 0
98.59371553987037 298.5804671853795 0 0
150.90436231737607 295.02194603814553 0 6
203.66854997786328 297.15263557582625 0 0
249.37003451393525 299.3313695748166 0 0
298.6463163710186 303.2531484490754 0 0
352.7687308733676 299.5681777514571 0 0
398.850032842003 295.73422386894765 0 0
452.6865694283453 295.28271808246524 0 0
500.47875034054647 303.75776494146317 0 0
50.30110442294778 350.7306334224296 0 0
99.4133855586818 348.8496050924867 0 0
152.87058617576545 348.620588613406 0 0
201.31543394324459 347.16291252218525 0 0
254.08425608867935 345.5979614327301 0 9
295.6728874535917 345.2056123844719 0 0
352.7413149321298 351.2684475742234 0 0
395.4015579892159 345.1094825327327 0 4
454.22921614516315 346.8626081570244 0 6
496.4279848167263 346.6997612647473 0 0
54.559433877364484 395.1806317886474 0 0
99.09470323352667 396.96362854187834 0 0
154.11150844465163 396.555141153429 0 0
197.08642028834998 403.920190391675 0 10
252.40562919454055 403.56772603266734 0 0
302.93467676087994 397.47894856009464 0 0
345.09119243583126 396.4707011712981 0 0
395.65232872853665 396.1738105017348 0 0
452.8743062458994 396.46365391136266 0 0
503.8827591947138 397.2562393905723 0 0
48.029861514634156 452.2916842047818 0 0
98.17886710963572 447.1564082497649 0 0
150.92338849130834 452.06894008975075 89 0
197.54369223858208 454.0850580379707 0 0
253.961178984332 446.07891453718923 0 10
297.6717558152262 446.38812738901646 0 0
350.68431225159327 452.4584040023489 0 0
399.3480440797812 449.97248793754 0 0
445.14444324727816 451.3195165531073 0 0
497.7798658464109 453.8689879065637 0 0
52.02792944180966 498.1634012464641 0 0
98.91117282627725 500.07477596916453 0 0
152.1342901483904 495.06791613917386 0 2
204.10367125098256 496.2256369968531 0 0
254.7540322353668 503.05978997788776 0 0
301.00975561078536 503.5289497839066 0 0
350.9462159061464 504.7419563933141 0 0
398.2378736875761 499.5535211435926 0 0
448.91688560314145 503.31256028585994 0 0
502.75038303144845 496.2717077199582 0 0
