0 1 41.049469345586814
0 10 50.239345826721745
1 2 60.0170362944193
1 11 57.87354911818045
2 3 39.96170750643851
2 12 48.670343678520574
3 4 52.865679785459825
3 13 52.69026270150514
4 5 54.77098359684874
4 14 46.369858754625
5 6 59.798462887897145
5 15 56.768268338184825
6 7 48.00453966667563
6 16 47.659966263897736
7 8 57.81091358486274
7 17 50.91974201630994
8 9 45.396021716672436
8 18 54.32900802910507
9 19 46.5527866069293
10 11 47.670513358967675
10 20 44.10277796007483
11 12 57.2654669156995
11 21 50.383075819453026
12 13 54.21689504148267
12 22 47.62375862563002
13 14 44.592031921461825
13 23 51.904930181725575
14 15 45.898180625307546
14 24 57.99169562931304
15 16 48.31961515513939
15 25 49.37288069105582
16 17 43.867811687401826
16 26 48.595664130597854
17 18 52.85267798724325
17 27 44.23641977482762
18 19 55.30179661369361
18 28 50.86357595492947
19 29 51.1709993302418
20 21 61.67075686402412
20 30 49.908070397097774
21 22 44.74460940459424
21 31 50.905541657960924
22 23 50.612758575610485
22 32 50.2675763668927
23 24 42.18488032057376
23 33 47.805370195883974
24 25 44.69397193614724
24 34 43.97885260369952
25 26 52.10093462508433
25 35 53.15888930801688
26 27 56.60325344387068
26 36 54.64740174900387
27 28 41.10204469087397
27 37 51.48945652193842
28 29 55.51733884425482
28 38 43.08480689783836
29 39 62.87739554218204
30 31 45.73152945255298
30 40 50.0846830908308
31 32 53.35275590106946
31 41 47.42612325048064
32 33 56.30850415766471
32 42 52.12821437881283
33 34 46.73551515161306
33 43 55.097996113162935
34 35 54.31038422090278
34 44 44.88303516127365
35 36 55.382020408888266
35 45 59.58543630614712
36 37 46.465561909515216
36 46 43.69663444744668
37 38 49.84937723674841
37 47 46.58315071966136
38 39 62.857876096951486
38 48 48.94707477056534
39 49 45.3037567034968
40 41 58.48449627352991
40 50 47.67602063134255
41 42 47.78660650681314
41 51 46.750202000465265
42 43 49.93321528997126
42 52 46.92440374522687
43 44 57.17785608566952
43 53 52.97076495600671
44 45 46.274212774566315
44 54 54.850220046054154
45 46 53.3249746056282
45 55 43.34319032677095
46 47 51.911815293434216
46 56 56.12744195301302
47 48 53.844591103292
47 57 44.04754500382171
48 49 51.77264183785727
48 58 39.81330617799649
49 59 59.35091539022991
50 51 47.59042837365654
50 60 51.939335049633755
51 52 48.61577230176894
51 61 53.32699291231236
52 53 52.33698401973281
52 62 54.75891286812187
53 54 48.6183454990171
53 63 49.97827656496389
54 55 47.46229365716125
54 64 49.33272452382713
55 56 56.28296488514233
55 65 39.19059454373664
56 57 43.378527442247076
56 66 56.4946997602946
57 58 49.9559242322308
57 67 46.777328580070616
58 59 46.57139026199477
58 68 55.35736330442252
59 69 48.098829711450904
60 61 51.78530448397971
60 70 41.139286530708475
61 62 55.96828968424476
61 71 46.050799913382505
62 63 47.950568235038475
62 72 43.585095458461
63 64 54.4322734527408
63 73 56.3901794652636
64 65 37.33977688821662
64 74 54.46457081007413
65 66 55.7329790712686
65 75 54.55651389983825
66 67 43.67238804048055
66 76 47.23409374044746
67 68 55.80817998987301
67 77 49.339076539174094
68 69 37.624721079786795
68 78 45.94210581867085
69 79 53.08509483719494
70 71 46.55706747203935
70 80 52.59457801286602
71 72 55.03639615868756
71 81 52.426091612411646
72 73 46.678265078193625
72 82 54.34079984395559
73 74 56.56583369154423
73 83 48.14314025980872
74 75 46.80182735426756
74 84 39.85912737448981
75 76 38.31750908094606
75 85 53.06709188613347
76 77 54.02101566609574
76 86 59.95675458393482
77 78 61.05474101493283
77 87 58.49327391795319
78 79 50.667027233919285
78 88 52.71856806098728
79 89 59.43729221888983
80 81 53.2121652759906
80 90 43.37266529342005
81 82 54.75730267818503
81 91 54.14964835989092
82 83 45.84469259288282
82 92 44.950980798615085
83 84 59.876836046177104
83 93 40.007441298510706
84 85 47.379445974047094
84 94 55.84454145900122
85 86 52.12364649722467
85 95 55.11832801089541
86 87 47.53255563585421
86 96 48.51357272095008
87 88 47.01217045087265
87 97 52.77783667911028
88 89 54.886711734110044
88 98 49.0597082268403
89 99 47.13584728454564
90 91 48.495162629629974
91 92 56.10125477333179
92 93 52.44688130075119
93 94 50.90513018635269
94 95 48.67732815429754
95 96 47.960589068421555
96 97 44.922472740308514
97 98 47.06015843667752
98 99 56.364423664954046
