30.5 19.7
0.90 17.44
1.40 17.59
4.13 18.39
5.98 19.34
2.75 13.44
3.10 13.55
5.66 14.79
6.69 16.80
7.59 15.58
5.11 13.28
6.05 13.73
7.3 13.84
8.31 15.21
6.80 12.20
7.99 12.91
9.74 14.55
6.30 11.05
7.09 11.40
7.51 10.72
9.15 11.75
9.79 12.38
10.87 13.84
7.96 9.87
9.42 11.03
11.99 13.33
8.94 10.05
9.87 10.48
12.36 13.20
4.80 8.90
5.19 9.02
8.33 8.60
7.51 8.18
7.30 7.67
6.56 7.30
8.57 8.12
10.00 8.60
10.77 9.34
3.50 2.95
6.30 4.05
6.93 4.35
7.30 4.55
4.05 1.89
6.83 2.98
7.73 2.00
9.20 2.10
9.41 2.43
10.03 3.39
8.68 4.95
9.52 1.05
9.92 1.63
10.16 1.95
11.06 3.11
13.54 2.71
14.13 3.14
14.18 2.38
13.78 0.97
13.75 0.46
15.21 5.47
12.94 6.00
11.01 7.65
9.29 6.22
12.49 9.00
15.48 8.18
16.35 5.52
16.60 2.90
15.19 11.93
13.26 12.73
12.73 11.99
19.27 1.66
19.99 1.63
20.07 1.36
21.06 1.79
21.10 1.50
19.11 3.16
21.33 3.56
21.55 2.00
22.56 3.80
21.87 8.28
20.84 8.33
20.60 8.75
22.42 9.25
22.08 10.69
16.75 10.02
23.48 9.44
22.47 12.04
20.52 11.91
18.36 11.54
27.23 2.35
27.18 2.75
25.20 6.40
28.95 7.40
28.47 10.23
26.57 10.21
25.86 10.21
24.09 8.52
26.37 12.69
22.13 12.51
24.55 13.23
24.56 15.13
23.05 16.25
21.26 18.73
18.61 15.77
17.37 16.88
17.32 14.60
20.63 14.00
20.44 12.44
18.22 12.17
16.97 13.31
17.42 14.10
16.14 13.41
13.60 15.40
10.85 15.24
16.03 17.81
17.24 18.34